Valid 1-ina:
01

Valid 2-ina:
01 02
02 01

Valid 3-ina:
01 02 03
03 01 02
02 03 01

Valid 5-ina:
01 02 03 04 05
05 01 04 02 03
03 05 02 01 04
04 03 01 05 02
02 04 05 03 01

Valid 6-ina:
01 02 03 04 05 06
06 01 05 02 04 03
03 06 04 01 02 05
05 03 02 06 01 04
04 05 01 03 06 02
02 04 06 05 03 01

Valid 9-ina:
01 02 03 04 05 06 07 08 09
09 01 08 02 07 03 06 04 05
05 09 04 01 06 08 03 02 07
07 05 02 09 03 04 08 01 06
06 07 01 05 08 02 04 09 03
03 06 09 07 04 01 02 05 08
08 03 05 06 02 09 01 07 04
04 08 07 03 01 05 09 06 02
02 04 06 08 09 07 05 03 01

Valid 11-ina:
01 02 03 04 05 06 07 08 09 10 11
11 01 10 02 09 03 08 04 07 05 06
06 11 05 01 07 10 04 02 08 09 03
03 06 09 11 08 05 02 01 04 07 10
10 03 07 06 04 09 01 11 02 08 05
05 10 08 03 02 07 11 06 01 04 09
09 05 04 10 01 08 06 03 11 02 07
07 09 02 05 11 04 03 10 06 01 08
08 07 01 09 06 02 10 05 03 11 04
04 08 11 07 03 01 05 09 10 06 02
02 04 06 08 10 11 09 07 05 03 01

Valid 14-ina:
01 02 03 04 05 06 07 08 09 10 11 12 13 14
14 01 13 02 12 03 11 04 10 05 09 06 08 07
07 14 08 01 06 13 09 02 05 12 10 03 04 11
11 07 04 14 03 08 10 01 12 06 05 13 02 09
09 11 02 07 13 04 05 14 06 03 12 08 01 10
10 09 01 11 08 02 12 07 03 13 06 04 14 05
05 10 14 09 04 01 06 11 13 08 03 02 07 12
12 05 07 10 02 14 03 09 08 04 13 01 11 06
06 12 11 05 01 07 13 10 04 02 08 14 09 03
03 06 09 12 14 11 08 05 02 01 04 07 10 13
13 03 10 06 07 09 04 12 01 14 02 11 05 08
08 13 05 03 11 10 02 06 14 07 01 09 12 04
04 08 12 13 09 05 01 03 07 11 14 10 06 02
02 04 06 08 10 12 14 13 11 09 07 05 03 01

Valid 18-ina:
01 02 03 04 05 06 07 08 09 10 11 12 13 14 15 16 17 18
18 01 17 02 16 03 15 04 14 05 13 06 12 07 11 08 10 09
09 18 10 01 08 17 11 02 07 16 12 03 06 15 13 04 05 14
14 09 05 18 04 10 13 01 15 08 06 17 03 11 12 02 16 07
07 14 16 09 02 05 12 18 11 04 03 10 17 13 06 01 08 15
15 07 08 14 01 16 06 09 13 02 17 05 10 12 03 18 04 11
11 15 04 07 18 08 03 14 12 01 10 16 05 06 17 09 02 13
13 11 02 15 09 04 17 07 06 18 05 08 16 03 10 14 01 12
12 13 01 11 14 02 10 15 03 09 16 04 08 17 05 07 18 06
06 12 18 13 07 01 05 11 17 14 08 02 04 10 16 15 09 03
03 06 09 12 15 18 16 13 10 07 04 01 02 05 08 11 14 17
17 03 14 06 11 09 08 12 05 15 02 18 01 16 04 13 07 10
10 17 07 03 13 14 04 06 16 11 01 09 18 08 02 12 15 05
05 10 15 17 12 07 02 03 08 13 18 14 09 04 01 06 11 16
16 05 11 10 06 15 01 17 04 12 09 07 14 02 18 03 13 08
08 16 13 05 03 11 18 10 02 06 14 15 07 01 09 17 12 04
04 08 12 16 17 13 09 05 01 03 07 11 15 18 14 10 06 02
02 04 06 08 10 12 14 16 18 17 15 13 11 09 07 05 03 01

Valid 23-ina:
01 02 03 04 05 06 07 08 09 10 11 12 13 14 15 16 17 18 19 20 21 22 23
23 01 22 02 21 03 20 04 19 05 18 06 17 07 16 08 15 09 14 10 13 11 12
12 23 11 01 13 22 10 02 14 21 09 03 15 20 08 04 16 19 07 05 17 18 06
06 12 18 23 17 11 05 01 07 13 19 22 16 10 04 02 08 14 20 21 15 09 03
03 06 09 12 15 18 21 23 20 17 14 11 08 05 02 01 04 07 10 13 16 19 22
22 03 19 06 16 09 13 12 10 15 07 18 04 21 01 23 02 20 05 17 08 14 11
11 22 14 03 08 19 17 06 05 16 20 09 02 13 23 12 01 10 21 15 04 07 18
18 11 07 22 04 14 15 03 21 08 10 19 01 17 12 06 23 05 13 16 02 20 09
09 18 20 11 02 07 16 22 13 04 05 14 23 15 06 03 12 21 17 08 01 10 19
19 09 10 18 01 20 08 11 17 02 21 07 12 16 03 22 06 13 15 04 23 05 14
14 19 05 09 23 10 04 18 15 01 13 20 06 08 22 11 03 17 16 02 12 21 07
07 14 21 19 12 05 02 09 16 23 17 10 03 04 11 18 22 15 08 01 06 13 20
20 07 13 14 06 21 01 19 08 12 15 05 22 02 18 09 11 16 04 23 03 17 10
10 20 17 07 03 13 23 14 04 06 16 21 11 01 09 19 18 08 02 12 22 15 05
05 10 15 20 22 17 12 07 02 03 08 13 18 23 19 14 09 04 01 06 11 16 21
21 05 16 10 11 15 06 20 01 22 04 17 09 12 14 07 19 02 23 03 18 08 13
13 21 08 05 18 16 03 10 23 11 02 15 19 06 07 20 14 01 12 22 09 04 17
17 13 04 21 09 08 22 05 12 18 01 16 14 03 20 10 07 23 06 11 19 02 15
15 17 02 13 19 04 11 21 06 09 23 08 07 22 10 05 20 12 03 18 14 01 16
16 15 01 17 14 02 18 13 03 19 12 04 20 11 05 21 10 06 22 09 07 23 08
08 16 23 15 07 01 09 17 22 14 06 02 10 18 21 13 05 03 11 19 20 12 04
04 08 12 16 20 23 19 15 11 07 03 01 05 09 13 17 21 22 18 14 10 06 02
02 04 06 08 10 12 14 16 18 20 22 23 21 19 17 15 13 11 09 07 05 03 01
